131072 1 0.023134 
262144 1 0.042505 
524288 1 0.089504 
1048576 1 0.195332 
2097152 1 0.487538 
4194304 1 0.849765 
8388608 1 1.943633 
16777216 1 3.996529 
33554432 1 7.971379 
67108864 1 16.474407 
131072 2 0.011591 
262144 2 0.025448 
524288 2 0.053330 
1048576 2 0.115817 
2097152 2 0.341246 
4194304 2 0.502162 
8388608 2 1.040356 
16777216 2 2.211082 
33554432 2 5.856311 
67108864 2 9.528813 
131072 4 0.009469 
262144 4 0.022655 
524288 4 0.048816 
1048576 4 0.096995 
2097152 4 0.207797 
4194304 4 0.432269 
8388608 4 0.899755 
16777216 4 2.056991 
33554432 4 4.025334 
67108864 4 7.754218 
131072 8 0.007328 
262144 8 0.022108  
524288 8 0.044816 
1048576 8 0.096360 
2097152 8 0.180635 
4194304 8 0.409158 
8388608 8 0.822458 
16777216 8 1.823973 
33554432 8 3.741188 
67108864 8 7.714376 
131072 16 0.007176 
262144 16 0.026177 
524288 16 0.040484 
1048576 16 0.113323 
2097152 16 0.202283 
4194304 16 0.404623 
8388608 16 1.214611 
16777216 16 3.050405 
33554432 16 4.913942 
67108864 16 10.930164 
131072 32 0.011386 
262144 32 0.037056 
524288 32 0.149493 
1048576 32 0.187648 
2097152 32 0.426833 
4194304 32 1.138263 
8388608 32 1.886016 
16777216 32 4.320916 
33554432 32 8.090037 
67108864 32 16.485388 
131072 64 0.025747 
262144 64 0.052758 
524288 64 0.085065 
1048576 64 0.212599 
2097152 64 0.594556 
4194304 64 1.242946 
8388608 64 3.136968 
16777216 64 6.110264 
33554432 64 16.916535 
67108864 64 27.063624 
